0.760236888
0.840413088
0.187583356
0.173953135
0.63696154
0.848730083
0.465554415
0.256414366
0.508640393
0.550068615
0.325456329
0.17945065
0.032752033
0.439361317
0.320431542
0.280511633
0.858314082
0.034293362
0.7253688
0.974931329
0.646027933
0.056139417
0.765459956
0.326308608
0.610530139
0.045226983
0.816958308
0.791694807
0.530667551
0.362986484
0.770661093
0.739040662
0.997615994
0.249399287
0.664547431
0.310518068
0.034811634
0.221528666
0.629607296
0.101618128
0.161056999
0.533103918
0.127795918
0.371185618
0.370952562
0.722593234
0.29464001
0.993975314
0.119087373
0.008629996
0.800471533
0.985295645
0.575515398
0.063497714
0.008234549
0.343016739
0.994002158
0.007515548
0.775022068
0.739198192
0.333493976
0.940763482
0.758103361
0.84418115
0.108470319
0.92579916
0.242282655
0.284820299
0.793378991
0.969212676
0.923258373
0.119581831
0.085851586
0.942600438
0.660867776
0.75131864
0.43233223
0.944894598
0.281329942
0.371247407
0.630988273
0.676442054
0.561117542
0.944067034
0.634142402
